
strategic_region={
	id=288
	name="STRATEGICREGION_288"
	provinces={
		421 424 445 469 494 532 543 557 569 571 583 586 596 599 653 656 665 668 671 673 688 692 704 707 708 732 3299 3414 3418 3462 3541 3553 3569 3571 3583 3585 3631 3654 3673 3674 3675 3684 3688 3703 3705 3718 5283 6418 6440 6470 6485 6540 6552 6562 6576 6590 6592 6626 6631 6650 6673 6675 6678 6680 6687 6690 6691 6693 6708 6723 6725 6739 7857 9414 9421 9429 9515 9527 9541 9555 9569 9596 9598 9613 9627 9630 9633 9636 9646 9648 9650 9652 9665 9666 9679 9681 11401 11414 11432 11497 11511 11525 11542 11556 11595 11598 11612 11615 11618 11620 11634 11638 11651 11653 11666 11735 
	}
	weather={
	}
}
